0,52.850002
1,57.45
2,61.22
3,64.340004
4,67.18
5,68.07
6,71.520004
7,70.57
8,70.840004
9,72.899994
10,73.64
11,74.9
12,76.36
13,75.92
14,72.78
15,74.95
16,76.24
17,76.090004
18,76.0
19,75.63
20,76.560005
21,77.4
22,77.020004
23,76.700005
24,70.04
25,76.53
26,78.28
27,78.13
28,79.31
29,79.659996
30,79.759995
31,79.0
32,79.079994
33,80.09
34,79.86
35,80.0
36,79.29
37,79.09
38,78.13
39,80.33
40,80.25
41,79.02
42,78.759995
43,79.009995
44,80.61
45,79.189995
0,8.36
1,9.28
2,26.83
3,37.97
4,41.39
5,50.93
6,56.29
7,63.940002
8,65.909996
9,68.17
10,69.24
11,69.61
12,69.78
13,71.18
0,13.58
1,32.0
2,35.38
3,41.91
4,48.73
5,54.27
6,56.82
7,59.66
8,60.51
9,62.11
10,63.260002
11,64.21
12,65.4
13,66.02
14,66.22
0,14.0
1,17.12
2,25.73
3,40.1
4,45.15
5,48.27
6,50.230003
7,52.920002
8,53.06
9,54.83
10,56.230003
11,57.36
12,59.13
13,59.710003
14,60.030003
